1 96
55 92
90 44
8 18
59 76
25 35
24 34
7 90
61 55
42 4
55 82
37 63
53 92
33 71
38 30
86 77
12 6
63 95
50 41
82 75
37 30
43 26
69 76
56 5
59 77
72 78
19 28
59 14
7 74
3 83
99 40
30 76
65 61
79 41
71 4
55 75
31 31
47 58
38 84
38 71
88 68
79 33
59 34
87 92
21 86
100 28
79 19
44 8
47 51
1 36
9 99
56 1
64 95
37 84
36 78
35 45
24 47
66 69
86 79
73 100
100 57
11 39
47 8
77 48
87 94
16 85
9 22
24 59
6 2
50 43
35 68
84 13
92 99
25 18
80 38
45 53
66 90
93 92
73 33
75 93
74 84
1 26
69 62
73 8
91 77
91 81
7 64
61 81
62 70
30 35
73 49
59 85
7 42
92 25
81 24
50 30
35 72
25 46
30 52
21 2
55 76
92 33
42 64
16 60
13 97
1 9
29 7
62 40
85 84
68 58
84 21
85 14
44 75
23 78
20 15
91 60
41 73
82 10
22 78
68 27
29 81
96 81
38 31
64 54
25 12
68 49
20 58
59 35
