0.000895813 0.310663
0.346187 0.165697
0.661628 0.819482
0.269497 0.0686109
0.824644 0.162383
0.504191 0.831692
0.146575 0.102637
0.00585577 0.338304
0.0869272 0.140228
0.29403 0.187091
0.653777 0.521288
0.734052 0.601793
0.335876 0.550142
0.0538595 0.939851
0.384501 0.514926
0.924401 0.91431
0.339886 0.890332
0.784911 0.495612
0.345783 0.287923
0.0443734 0.655272
0.710455 0.386391
0.444457 0.754724
0.029712 0.0578442
0.286705 0.962884
0.242626 0.393906
0.670379 0.739125
0.326024 0.874865
0.0730544 0.168661
0.111139 0.579945
0.95263 0.949985
0.414011 0.935911
0.42908 0.664506
0.37775 0.889568
0.0920853 0.80332
0.525256 0.677479
0.105097 0.971929
0.488846 0.179463
0.768695 0.968306
0.0204548 0.572727
0.751074 0.6511
0.572329 0.0580616
0.178582 0.941822
0.181611 0.481221
0.545526 0.0869147
0.378899 0.90992
0.993638 0.732796
0.485125 0.603893
0.424949 0.119836
0.655245 0.301934
0.347403 0.101188
0.891831 0.581051
0.463741 0.951266
0.585274 0.969888
0.157416 0.399034
0.866773 0.0379463
0.0141565 0.746305
0.690415 0.366084
0.856967 0.694698
0.424527 0.930194
0.93162 0.881208
0.24113 0.312278
0.528086 0.526591
0.485139 0.370496
0.582837 0.838487
0.799194 0.646857
0.502822 0.328839
0.221246 0.228428
0.362423 0.33955
0.983898 0.881195
0.731305 0.298961
0.878713 0.68669
0.12838 0.422897
0.935227 0.787326
0.602776 0.236401
0.761123 0.110028
0.307523 0.825336
0.233218 0.527563
0.44972 0.670786
0.682718 0.0371853
0.419081 0.204336
0.225037 0.406426
0.665431 0.420075
0.214896 0.841547
0.417983 0.451542
0.810003 0.576184
0.221784 0.571311
0.478113 0.622776
0.568908 0.590645
0.73763 0.0595996
0.38667 0.760471
0.0640812 0.189578
0.528032 0.52723
0.384904 0.266876
0.609534 0.542944
0.912372 0.572826
0.93143 0.223857
0.7964 0.778595
0.868601 0.592461
0.611066 0.36865
0.0674502 0.710567
0.494468 0.542355
0.254854 0.44385
0.642846 0.352671
0.144925 0.709177
0.196605 0.788092
0.205522 0.503746
0.555923 0.229429
0.259909 0.549105
0.113261 0.905511
0.593757 0.0934754
0.903468 0.0851498
0.41071 0.483177
0.94171 0.246796
0.83141 0.359563
0.0657059 0.0973563
0.814291 0.473742
0.0202478 0.318742
0.248222 0.98991
0.745596 0.321404
0.336705 0.0126162
0.361869 0.110672
0.273483 0.80743
0.0120351 0.921913
0.0660189 0.562762
0.447696 0.367993
0.365114 0.477995
0.253771 0.0461278
0.928289 0.765301
0.727828 0.465954
0.206359 0.765839
0.302722 0.646631
0.775434 0.642356
0.7509 0.164161
0.421708 0.997077
0.287165 0.952395
0.558456 0.644379
0.723534 0.929614
0.951341 0.65081
0.483241 0.960038
0.0402457 0.540048
0.0869921 0.704528
0.267376 0.287329
0.547516 0.271248
0.999314 0.827482
0.390724 0.964913
0.815365 0.344192
0.0338135 0.837671
0.0290834 0.557408
0.341136 0.66686
0.42093 0.683524
0.0243108 0.691184
0.846955 0.202125
0.408789 0.209724
0.914144 0.157642
0.0378928 0.535322
0.493194 0.478477
0.788373 0.858854
0.893188 0.875185
0.118014 0.152703
0.92173 0.838753
0.823175 0.165259
0.374028 0.296173
0.14783 0.943685
0.263302 0.680304
0.229405 0.795568
0.0542737 0.76201
0.992116 0.553073
0.475953 0.192869
0.585619 0.84287
0.0571227 0.575179
0.0234991 0.464529
0.18867 0.161997
0.588605 0.1275
0.31518 0.283475
0.954783 0.646474
0.291079 0.977614
0.519497 0.216565
0.204193 0.394848
0.669667 0.818592
0.225389 0.558704
0.212512 0.891967
0.643146 0.351531
0.92089 0.674665
0.996368 0.898243
0.573554 0.578922
0.639884 0.225864
0.347884 0.445318
0.630939 0.45692
0.357128 0.81045
0.180355 0.265294
0.255219 0.513339
0.191086 0.689872
0.477315 0.148023
0.434785 0.110312
0.988687 0.404617
0.47203 0.577533
0.60226 0.104551
0.485504 0.236629
0.5476 0.369321
0.202259 0.149919
0.161446 0.523097
0.168885 0.931677
0.279878 0.940794
0.902777 0.643012
0.181217 0.553218
0.167763 0.905556
0.120788 0.313765
0.560022 0.106645
0.55635 0.8365
0.190922 0.457867
0.856679 0.118797
0.92023 0.995144
0.464131 0.763907
0.932666 0.974354
0.321834 0.186508
0.522581 0.515187
0.632281 0.699712
0.518193 0.411137
0.269535 0.192965
0.554286 0.279728
0.0831784 0.880322
0.309453 0.339291
0.897759 0.656727
0.232844 0.122514
0.794251 0.290988
0.271319 0.0688526
0.655342 0.618392
0.699029 0.764632
0.437997 0.199395
0.579408 0.348884
0.0062936 0.475072
0.338718 0.392686
0.995022 0.182337
0.788527 0.148965
0.28789 0.865109
0.0425069 0.107614
0.56957 0.42017
0.67471 0.0675836
0.662465 0.202418
0.15913 0.633838
0.179451 0.753465
0.813964 0.984135
0.433302 0.445202
0.802001 0.640319
0.640857 0.497232
0.0673394 0.673804
0.671825 0.950399
0.727798 0.518295
0.923481 0.290361
0.404575 0.238393
0.186238 0.813045
0.221801 0.484859
0.512461 0.321351
0.917568 0.371188
0.351088 0.918874
0.296775 0.437217
